500086
500102
500118
500125
500131
500819
500822
500823
500825
501557
505933
505962
505964
507433
507438
510363
510408
510415
510416
510418
510419
510420
510422
510425
510431
510432
510433
510434
510435
510437
510438
510441
510442
510443
510445
510446
510448
510450
510456
510468
510470
510471
510506
510509
510510
511877
511883
512001
512002
512003
512004
512005
512048
512050
512051
512052
512053
512054
512055
512128
512129
512132
512134
512135
512137
513359
513360
513401
513406
513407
513411
513419
513446
513494
515066
515068
515070
515072
515557
515604
515690
515691
515692
515695
515733
515735
515768
515770
515771
515772
515773
515774
515776
515777
515778
515820
515821
515847
515848
515849
515881
516284
516306
516309
516325
516333
516334
516335
516338
516339
516359
516363
516364
516365
516368
516369
516370
516371
516372
516373
516374
516375
516376
516379
516380
516383
516385
516389
516390
516391
516398
516399
516400
516403
516404
516406
516407
516409
516410
516411
516415
516416
516455
517987
517988
517993
517994
517995
517996
517998
517999
518001
518002
518003
518004
518027
518030
518031
518032
518033
518035
518038
518054
518055
518056
518057
518058
518059
518060
518061
518065
518066
518068
518069
518070
518089
518090
518091
518092
518093
518096
518098
518099
518101
518102
518104
518105
518136
518137
518138
522515
523070
523090
524647
524649
524677
524679
524683
524684
525456
525461
528717
528720
528724
528738
528744
528745
531313
531314
532777
532778
532779
532799
532802
532803
532806
532809
532810
532814
532817
532818
532819
532820
532821
532822
532823
532824
532828
532830
532840
532841
532842
532843
532844
532850
532852
535881
535882
535884
535885
535894
535908
535909
535910
535911
535912
535915
535916
537575
537577
537578
537579
537609
537610
537611
537612
538434
538446
538447
538448
538449
538452
538456
539200
539236
539239
539243
540194
540233
540236
540237
542379
544147
544151
545713
545715
545720
545723
549874
550779
550780
550781
550782
550783
550784
550787
550788
550789
550792
550794
552269
552270
553211
553223
553224
553225
553231
553232
553233
553234
553235
553236
553239
553240
553241
553243
553246
553247
553248
553249
553251
553252
553253
553261
553263
553264
553265
553266
553269
553270
553271
553272
553274
553275
553281
553282
553283
553284
553285
553292
555207
555210
555236
555237
555238
555239
555242
555243
555259
555260
555280
555281
555282
555283
555285
555298
555299
